0
2
-1
-8
2
-1
-8
2
-1
-8
2
-1
-8
2
-1
-8
2
-1
-8
2
-1
-8
2
-1
-8
2
-1
-8
2
-1
-8
2
-1
-8
2
-1
-8
3
0
-11
4
-6
-9
10
1
-2
0
8
-3
-1
-10
-10
24
-6
-4
0
-10
-2
-1
18
8
1
10
-14
15
-12
-8
2
-1
-8
2
-1
-8
2
-1
-8
2
-1
-8
2
-1
-8
2
-1
-8
2
-1
-8
2
-1
-8
2
-1
-8
2
-1
-8
2
-1
-8
2
-1
-8
2
-1
-8
2
-1
-8
2
-1
-8
2
-1
-8
2
-1
-8
3
0
-9
-1
-6
-5
13
1
-2
5
-1
6
-5
5
-4
-17
1
9
5
-16
-5
-14
14
-20
23
3
8
-3
12
-5
11
-12
-8
2
-1
-8
2
-1
-8
2
-1
-8
2
-1
-8
2
-1
-8
2
-1
-8
2
-1
-8
2
-1
-8
2
-1
-8
2
-1
-8
2
-1
-8
2
-1
-8
2
-1
-8
2
-1
-8
2
-1
-8
2
-1
-8
3
0
-9
6
1
-11
-5
0
7
-4
7
2
-5
14
-29
-2
-23
5
-12
7
-13
-8
-10
-15
14
16
3
10
-3
-22
8
20
-2
3
-7
-8
2
-1
-8
2
-1
-8
2
-1
-8
2
-1
-8
2
-1
-8
2
-1
-8
2
-1
-8
2
-1
-8
2
-1
-8
2
-1
-8
2
-1
-8
2
-1
-8
2
-1
-8
2
-1
-8
2
-1
-8
2
-1
-8
5
1
-14
6
-7
-2
0
10
-4
2
8
-19
-7
-7
-19
6
-19
-36
-4
2
-25
5
0
-7
8
5
-6
11
-2
-6
17
1
-7
0
0
-8
2
-1
-8
2
-1
-8
2
-1
-8
2
-1
-8
2
-1
-8
2
-1
-8
2
-1
-8
2
-1
-8
2
-1
-8
2
-1
-8
2
-1
-8
2
-1
-8
2
-1
-8
2
-1
-8
2
-1
-8
3
0
-11
2
-8
-6
18
1
-14
7
2
-6
-1
-4
-19
7
-7
-13
6
-20
-14
6
12
-9
14
-6
-10
10
-4
7
-1
-2
7
4
-6
-11
1
2
-8
2
-1
-8
2
-1
-8
2
-1
-8
2
-1
-8
2
-1
-8
2
-1
-8
2
-1
-8
2
-1
-8
2
-1
-8
2
-1
-8
2
-1
-8
2
-1
-8
2
-1
-8
2
-1
-8
3
0
-10
-2
-6
-1
7
5
2
9
-1
4
-3
-3
-11
0
-8
-4
-3
-8
3
-1
2
7
2
6
2
15
3
13
7
-2
-13
4
6
-11
2
2
-8
2
0
-8
2
-1
-8
2
-1
-8
2
-1
-8
2
-1
-8
2
-1
-8
2
-1
-8
2
-1
-8
2
-1
-8
2
-1
-8
2
-1
-8
2
-1
-8
2
-1
-8
2
-1
-8
2
-1
-8
6
1
-11
-6
-1
12
-9
12
5
-5
8
-19
-3
-19
11
-10
3
-2
2
16
-16
3
5
-4
8
12
4
5
-5
-14
1
3
-8
2
-1
-8
2
-1
-8
2
-1
-8
2
-1
-8
2
-1
-8
2
-1
-8
2
-1
-8
2
-1
-8
2
-1
-8
2
-1
-8
2
-1
-8
2
-1
-8
2
-1
-8
2
-1
-8
2
-1
-8
2
-1
-8
4
1
-13
3
-9
4
-1
13
-6
-12
-1
-11
-7
-11
-18
-3
-22
-12
-14
3
-10
-6
23
-8
9
1
-9
13
1
-11
1
2
-8
2
-1
-8
2
-1
-8
2
-1
-8
2
-1
-8
2
-1
-8
2
-1
-8
2
-1
-8
2
-1
-8
2
-1
-8
2
-1
-8
2
-1
-8
2
-1
-8
2
-1
-8
2
-1
-8
2
-1
-8
2
-1
-8
2
-1
-9
8
1
-14
2
-5
-1
-7
15
-16
-19
7
-37
10
-35
-14
-21
-15
-30
2
9
-8
7
-4
-7
10
-5
2
2
-5
-9
2
0
-8
2
-1
-8
2
-1
-8
2
-1
-8
2
-1
-8
2
-1
-8
2
-1
-8
2
-1
-8
2
-1
-8
2
-1
-8
2
-1
-8
2
-1
-8
2
-1
-8
2
-1
-8
2
-1
-8
2
-1
-8
2
-1
-8
2
-1
-12
16
-3
-8
1
3
-4
-8
7
-15
4
8
-38
17
-50
-8
-11
1
4
-9
10
-16
15
1
4
2
-4
-12
2
1
-8
1
0
-8
2
1
-9
4
-1
-9
4
-2
-8
3
-1
-8
2
-1
-8
2
-1
-8
2
-1
-8
2
-1
-8
2
-1
-8
2
-1
-8
2
-1
-8
2
-1
-8
2
-1
-8
2
-1
-8
2
-1
-8
2
-1
-8
3
0
-13
17
-13
-5
15
13
-9
2
10
-17
9
-6
-9
3
-16
-25
3
16
-6
14
9
-10
24
-9
-17
3
6
-15
4
4
-17
4
6
-18
8
7
-20
14
0
-19
16
-5
-15
10
-5
-10
5
-3
-8
2
-1
-8
2
-1
-8
2
-1
-8
2
-1
-8
2
-1
-8
2
-1
-8
2
-1
-8
2
-1
-8
2
-1
-8
2
-1
-8
2
-1
-8
-2
-5
3
21
0
-4
12
2
4
3
0
-14
6
-10
4
8
-8
-1
-3
11
-22
17
-7
13
8
-11
-18
19
-5
-18
28
-10
-9
20
7
-9
19
5
-3
23
4
-11
16
-9
-6
5
-8
-2
-5
5
-8
2
-1
-8
2
-1
-8
2
-1
-8
2
-1
-8
2
-1
-8
2
-1
-8
2
-1
-8
2
-1
-8
2
-1
-8
2
-1
-8
2
-1
-5
-8
-1
21
2
10
6
-7
-2
-12
16
-16
6
-3
11
7
-5
20
0
5
25
-11
38
-10
-16
9
6
-13
20
-11
-4
27
-4
7
29
10
11
20
4
22
7
4
9
-6
-4
-1
1
-6
-2
-4
8
-12
8
-5
-8
2
-1
-8
2
-1
-8
2
-1
-8
2
-1
-8
2
-1
-8
2
-1
-8
2
-1
-8
2
-1
-8
2
-1
-8
2
-1
2
-19
6
10
-13
5
-13
-23
-11
-6
15
-29
-2
-8
24
-25
2
10
2
13
36
3
28
-18
-1
15
6
-2
12
-5
26
2
8
21
-12
21
19
2
6
7
-9
-9
7
-1
-7
2
-11
-5
-1
-10
7
-3
-3
4
-8
3
-1
-8
2
-1
-8
2
-1
-8
2
-1
-8
2
-1
-8
2
-1
-8
2
-1
-8
2
-1
-8
2
-1
-8
2
-1
-6
-27
8
-9
-23
-9
-22
-19
-22
-16
-7
-45
-8
-2
31
1
28
-3
16
16
25
18
0
13
-10
6
-5
13
-3
0
16
-16
22
-1
-8
17
-6
-3
6
-23
-11
10
-32
-7
-8
-5
-27
19
-25
9
11
-10
10
-7
-8
3
-2
-8
2
-1
-8
2
-1
-8
2
-1
-8
2
-1
-8
2
-1
-8
2
-1
-8
2
-1
-8
2
-1
-8
2
-1
-14
-21
9
-24
-29
-21
-23
-30
-16
-23
-16
-27
-7
6
6
12
-2
5
19
12
25
5
-13
2
-2
8
-14
-16
-8
-2
-32
-6
2
-22
-15
0
-14
-9
-16
-28
2
-10
-39
8
-36
-12
-14
14
3
0
5
-15
5
-4
-7
3
-2
-8
2
-1
-8
2
-1
-8
2
-1
-8
2
-1
-8
2
-1
-8
2
-1
-8
2
-1
-8
2
-1
-8
2
-1
-19
-11
-1
-28
-16
-19
-21
-11
-11
-7
-27
-10
-4
-2
-11
13
-12
17
-6
-15
1
-5
-19
12
-13
4
-4
-22
9
-2
-21
14
-6
-23
0
-6
-6
-25
-14
-17
2
-17
-16
3
-40
0
-5
20
-3
3
13
-20
21
-8
-7
2
-1
-8
2
-1
-8
2
-1
-8
2
-1
-8
2
-1
-8
2
-1
-8
2
-1
-8
2
-1
-8
2
-1
-8
2
-1
-26
3
-10
-21
0
0
-21
-21
-13
-16
-25
4
-21
-2
-20
-13
-9
-7
-14
8
-1
-45
13
-3
-6
0
10
-10
-9
15
-12
22
1
8
10
15
-21
3
-4
-13
16
-23
-10
-4
-18
-7
-11
7
0
-2
17
9
7
-17
-8
2
-1
-8
2
-1
-8
2
-1
-8
2
-1
-8
2
-1
-8
2
-1
-8
2
-1
-8
2
-1
-8
2
-1
-8
2
-1
-10
9
-7
-7
11
2
-24
-14
-13
-18
2
-4
-6
-12
-26
-41
-5
-26
-11
-18
-8
2
9
-9
-15
13
-8
-3
20
1
14
13
5
-4
-4
15
-6
-9
2
-18
7
-25
2
-18
-1
-3
4
18
-5
15
9
-13
4
-1
-8
2
-1
-8
2
-1
-8
2
-1
-8
2
-1
-8
2
-1
-8
2
-1
-8
2
-1
-8
2
-1
-8
2
-1
-8
2
-1
0
6
3
-14
9
-2
-9
6
10
-4
-3
-3
-10
-8
8
-16
10
-26
3
-5
-8
-1
-12
0
-5
8
-1
6
7
4
9
6
19
4
-8
3
-6
6
-9
-17
4
-33
-15
-14
-3
7
-12
17
-11
10
4
-7
3
-3
-8
2
-1
-8
2
-1
-8
2
-1
-8
2
-1
-8
2
-1
-8
2
-1
-8
2
-1
-8
2
-1
-8
2
-1
-8
2
-1
-6
3
0
-8
11
-6
-1
9
7
-7
-13
1
-10
-2
3
6
-25
-21
-12
-15
5
4
1
8
-3
14
-12
-9
8
18
2
-6
11
1
-16
11
-10
-7
-18
-9
-15
-18
-23
-4
7
-7
2
9
-6
14
-4
-6
0
-1
-8
2
-1
-8
2
-1
-8
2
-1
-8
2
-1
-8
2
-1
-8
2
-1
-8
2
-1
-8
2
-1
-8
2
-1
-8
2
-1
-8
2
-1
2
8
3
-7
2
5
-4
-5
10
-7
2
-7
-30
-11
-7
-22
-1
-12
-20
-23
6
-12
0
-4
11
2
11
-16
4
13
-15
0
6
-30
-7
-17
-28
4
-12
0
-12
-6
-12
5
7
6
1
-6
-10
2
1
-8
2
-1
-8
2
-1
-8
2
-1
-8
2
-1
-8
2
-1
-8
2
-1
-8
2
-1
-8
2
-1
-8
2
-1
-8
2
-1
-8
2
-1
-5
3
1
-8
2
-2
-14
3
0
-24
-1
-13
-16
-4
2
-5
-7
-14
-27
15
-3
-16
6
-16
-17
0
3
-4
2
0
-20
0
-9
-19
3
-6
-9
-3
-5
-12
-1
10
-10
16
-3
-14
1
3
-8
2
-1
-8
2
-1
-8
2
-1
-8
2
-1
-8
2
-1
-8
2
-1
-8
2
-1
-8
2
-1
-8
2
-1
-8
2
-1
-8
2
-1
-8
2
-1
-8
2
-1
-5
3
1
-12
0
-3
-7
11
-5
-15
1
-5
-20
-4
-3
1
11
-6
-4
4
-4
-14
16
4
-11
7
1
-14
6
-8
-8
12
-6
-15
-2
-9
-14
6
0
7
1
-9
-8
2
-1
-8
2
-1
-8
2
-1
-8
2
-1
-8
2
-1
-8
2
-1
-8
2
-1
-8
2
-1
-8
2
-1
-8
2
-1
-8
2
-1
-8
2
-1
-8
2
-1
-8
2
-1
-8
2
-1
-7
2
0
-3
4
2
-6
2
1
-3
11
1
-6
7
-2
-8
4
4
7
9
-2
-3
5
-1
0
7
-1
-4
-2
-1
-1
1
1
3
5
-4
-12
1
2
-8
2
-1
-8
2
-1
-8
2
-1
-8
2
-1
-8
2
-1
-8
2
-1
-8
2
-1
-8
2
-1
-8
2
-1
-8
2
-1
-8
2
-1
-8
2
-1
-8
2
-1
-8
2
-1
-8
2
-1
-8
2
-1
-7
2
0
-6
3
1
-4
3
2
-2
4
4
-1
5
6
-2
6
7
-4
5
7
-5
5
6
-7
5
4
-9
3
2
-9
2
1
-8
2
0
-8
2
-1
-8
2
-1
-8
2
-1
-8
2
-1
-8
2
-1
-8
2
-1
-8
2
-1
-8
2
-1
-8
2
-1
-8
2
-1
-8
2
-1
-8
2
-1
-8
2
-1
-8
2
-1
-8
2
-1
-8
2
-1
-8
2
-1
-8
2
-1
-8
2
-1
-8
2
-1
-8
2
-1
-8
2
-1
-8
2
-1
-8
2
-1
-8
2
-1
-8
2
-1
-8
2
-1
-8
2
-1
-8
2
-1
-8
2
-1
-8
2
-1
-8
2
-1
-8
2
-1
-8
2
-1
-8
2
-1
-8
2
-1
-8
2
-1
-8
2
-1
-8
2
-1
-8
2
-1
-8
2
-1
-8
2
-1
-8
2
-1
-8
2
-1
-8
2
-1
-8
2
-1
-8
2
-1
-8
2
-1
-8
2
-1
-8
2
-1
-8
2
-1
-8
2
-1
-8
2
-1
-8
2
-1
-8
2
-1
-8
2
-1
-8
2
-1
-8
2
-1
-8
2
-1
-8
2
-1
-8
2
-1
-8
2
-1
