2
-1
-8
2
-1
-8
2
-1
-8
2
-1
-8
2
-1
-8
2
0
-8
2
6
-2
5
4
6
29
5
8
17
20
-3
9
9
3
2
-1
-8
2
-1
-8
2
-1
-8
2
-1
-8
2
-1
-8
2
-1
-8
2
-1
-8
2
-1
-8
2
10
-8
14
-4
1
25
3
7
10
5
-14
9
8
3
11
8
0
2
-1
-8
2
-1
-8
2
-1
-8
2
-1
-8
2
-1
-8
2
-1
-8
2
-1
-8
2
1
-2
7
7
3
9
13
9
6
18
-9
10
8
2
13
6
3
5
3
-4
2
-1
-8
2
-1
-8
2
-1
-8
2
-1
-8
2
-1
-8
2
-1
-8
2
1
-8
13
5
4
27
-7
24
16
-5
-5
18
14
0
11
7
2
5
3
-6
2
-1
-8
2
-1
-8
2
-1
-8
2
-1
-8
2
-1
-8
2
-1
-8
2
-1
-8
2
17
-8
14
7
13
2
8
14
-1
2
-15
8
5
-1
4
3
-6
3
-1
-6
2
0
-6
2
-1
-8
2
-1
-8
2
-1
-8
2
-1
-8
2
-1
-8
2
-1
-8
5
18
1
0
19
8
9
16
-11
2
11
0
8
18
-1
5
29
-17
5
19
10
5
12
6
7
0
-6
2
-1
-8
2
-1
-8
2
-1
-8
2
-1
-8
2
-1
-8
19
-13
17
25
6
13
11
26
-19
13
14
25
33
14
1
43
26
2
34
21
19
18
6
-6
8
1
-4
2
-1
-7
2
-1
-8
2
-1
-8
2
-1
-8
2
-1
-8
15
-18
28
-1
-9
-1
14
21
-8
25
22
19
18
4
-4
33
4
16
19
-10
24
5
-6
-21
6
5
-1
3
0
-7
2
-1
-8
2
-1
-8
2
-1
-8
2
-1
-8
-5
7
4
2
-8
-7
30
-18
1
15
16
-5
21
16
-11
8
21
31
7
15
30
3
6
-22
8
5
3
3
0
-7
2
-1
-8
2
-1
-8
2
-1
-8
2
-1
-8
12
14
-6
3
2
11
4
-2
4
10
-1
-21
2
19
-15
16
10
31
18
0
15
3
-1
-11
10
9
2
2
0
-7
2
-1
-8
2
-1
-8
2
-1
-8
2
-1
-8
14
15
-8
18
4
8
14
-1
0
4
-12
-8
15
11
-13
17
-1
19
3
2
-1
-1
-1
-11
6
2
-2
2
-1
-8
2
-1
-8
2
-1
-8
2
-1
-8
2
-1
-8
7
-1
-8
6
7
0
-1
4
-7
-7
1
-8
0
10
-10
-2
11
3
0
7
-10
3
0
-2
5
3
-6
2
-1
-8
2
-1
-8
2
-1
-8
2
-1
-8
2
-1
-8
2
-1
-8
3
-1
-8
10
6
-4
9
11
-6
13
7
-3
12
11
-2
7
6
-3
5
3
-4
2
-1
-8
2
-1
-8
2
-1
-8
2
-1
-8
2
-1
-8
2
-1
-8
2
-1
-8
2
-1
-8
2
-1
-8
2
-1
-8
2
-1
-8
2
-1
-8
2
-1
-8
2
-1
-8
2
-1
-8
2
-1
-8
2
-1
-8
