2
-1
-8
2
-1
-8
2
-1
-8
2
-1
-8
2
-1
-8
2
-1
-8
2
-1
-8
2
-1
-8
2
-1
-8
2
-1
-8
2
-1
-8
2
-1
-8
2
1
-10
-3
6
-12
0
-1
-6
3
-3
6
4
-3
8
-5
5
-17
-5
20
-16
2
-1
-17
9
8
-2
4
3
2
2
-1
-8
2
-1
-8
2
-1
-8
2
-1
-8
2
-1
-8
2
-1
-8
2
-1
-8
2
-1
-8
2
-1
-8
2
-1
-8
2
-1
-8
2
-1
-8
2
-1
-8
2
-1
-8
2
-1
-8
2
-1
-8
2
-1
-8
2
0
-9
2
-3
-2
-3
-2
-3
5
4
1
3
-4
5
29
-11
-13
0
2
-30
17
0
-20
-5
0
-3
6
9
-4
7
5
3
2
-1
-8
2
-1
-8
2
-1
-8
2
-1
-8
2
-1
-8
2
-1
-8
2
-1
-8
2
-1
-8
2
-1
-8
2
-1
-8
2
-1
-8
2
-1
-8
2
-1
-8
2
-1
-8
2
-1
-8
2
-1
-8
2
0
-8
1
5
-16
13
-7
-7
10
-7
-8
25
-19
7
-2
2
0
3
-26
-21
10
0
-18
-11
0
-21
9
8
3
11
2
-2
8
8
0
2
-1
-8
2
-1
-8
2
-1
-8
2
-1
-8
2
-1
-8
2
-1
-8
2
-1
-8
2
-1
-8
2
-1
-8
2
-1
-8
2
-1
-8
2
-1
-8
2
-1
-8
2
-1
-8
2
-1
-8
2
-1
-8
1
4
-14
-3
10
-18
5
-4
-6
14
-10
1
-1
3
-2
-6
-13
-11
-18
-4
-14
-16
5
-22
0
-5
-10
6
4
-1
4
-1
-2
7
6
-3
2
-1
-8
2
-1
-8
2
-1
-8
2
-1
-8
2
-1
-8
2
-1
-8
2
-1
-8
2
-1
-8
2
-1
-8
2
-1
-8
2
-1
-8
2
-1
-8
2
-1
-8
2
-1
-8
2
-1
-8
2
1
-10
-1
2
-6
-6
4
-9
-4
2
9
-17
13
-2
-5
-6
-9
-15
18
-25
-17
8
-22
10
3
-9
2
5
-6
4
-2
-6
5
0
-4
4
3
-6
2
-1
-8
2
-1
-8
2
-1
-8
2
-1
-8
2
-1
-8
2
-1
-8
2
-1
-8
2
-1
-8
2
-1
-8
2
-1
-8
2
-1
-8
2
-1
-8
2
-1
-8
2
-1
-8
2
1
-10
2
-3
-2
3
-10
3
7
7
-4
3
7
2
9
-3
-16
-11
16
-26
6
-5
-21
9
3
-9
9
-1
2
13
4
3
9
6
-2
5
2
-6
3
0
-7
2
-1
-8
2
-1
-8
2
-1
-8
2
-1
-8
2
-1
-8
2
-1
-8
2
-1
-8
2
-1
-8
2
-1
-8
2
-1
-8
2
-1
-8
2
-1
-8
2
-1
-8
2
-1
-8
-1
5
-15
13
-9
-2
11
-15
1
27
-16
3
16
-10
-5
2
-6
-25
18
-5
-16
5
14
-2
8
-5
-3
11
7
2
5
3
-6
2
-1
-8
2
-1
-8
2
-1
-8
2
-1
-8
2
-1
-8
2
-1
-8
2
-1
-8
2
-1
-8
2
-1
-8
2
-1
-8
2
-1
-8
2
-1
-8
2
-1
-8
2
-1
-8
2
-1
-8
2
-1
-8
2
1
-11
-2
5
-10
7
-11
4
13
-23
24
-8
-7
-3
-8
-16
-12
-5
-5
-34
-3
-2
-18
9
-2
0
5
2
-2
6
4
-5
2
-1
-8
2
-1
-8
2
-1
-8
2
-1
-8
2
-1
-8
2
-1
-8
2
-1
-8
2
-1
-8
2
-1
-8
2
-1
-8
2
-1
-8
2
-1
-8
2
-1
-8
2
-1
-8
2
-1
-8
2
-1
-8
2
-1
-8
-2
8
-18
10
1
-13
2
-16
6
2
-10
14
-8
-19
-14
-16
2
-33
-13
-19
-25
-6
0
-10
0
-1
-5
3
-1
-6
3
1
-7
2
-1
-8
2
-1
-8
2
-1
-8
2
-1
-8
2
-1
-8
2
-1
-8
2
-1
-8
2
-1
-8
2
-1
-8
2
-1
-8
2
-1
-8
2
-1
-8
2
-1
-8
2
-1
-8
2
-1
-8
2
-1
-8
2
-1
-8
-8
17
-27
14
7
-19
-2
-5
13
-5
-4
1
-8
8
-10
-10
-9
-39
-1
0
-15
4
-7
-1
8
5
-4
4
3
-9
3
-1
-9
3
-2
-7
2
-1
-6
2
0
-6
2
-1
-7
2
-1
-8
2
-1
-8
2
-1
-8
2
-1
-8
2
-1
-8
2
-1
-8
2
-1
-8
2
-1
-8
2
-1
-8
2
-1
-8
2
-1
-8
2
-1
-8
2
0
-9
-8
18
-22
0
1
-4
-1
12
8
-11
7
-11
9
1
-15
-7
-5
-11
-1
2
-4
8
9
-1
5
12
-20
4
8
-26
5
4
-20
5
-1
-8
3
-2
2
1
-1
3
1
0
-2
1
0
-6
2
-1
-8
2
-1
-8
2
-1
-8
2
-1
-8
2
-1
-8
2
-1
-8
2
-1
-8
2
-1
-8
2
-1
-8
2
-1
-8
2
-1
-8
2
-5
1
5
2
-11
-3
17
5
-5
19
-11
9
16
-25
-7
14
-26
-1
11
-14
2
-4
0
-1
8
-5
-9
18
-14
-17
29
-22
-10
26
-17
-4
19
4
-1
13
10
5
12
6
3
4
-7
7
-3
-11
2
-1
-8
2
-1
-8
2
-1
-8
2
-1
-8
2
-1
-8
2
-1
-8
2
-1
-8
2
-1
-8
2
-1
-8
2
-1
-8
2
-1
-8
12
-17
10
18
-13
-4
25
-7
13
-2
6
-19
11
11
-39
5
18
-19
13
10
-5
12
6
17
6
13
1
-6
13
-5
-4
13
-1
-7
26
2
9
21
13
12
17
-1
18
6
-6
7
-4
-10
1
-1
-11
0
0
-4
2
-1
-8
2
-1
-8
2
-1
-8
2
-1
-8
2
-1
-8
2
-1
-8
2
-1
-8
2
-1
-8
2
-1
-8
2
-1
-8
19
-25
17
17
-35
14
16
-26
9
-19
5
-41
9
13
-53
0
26
-23
5
0
-8
11
14
25
7
14
-2
33
2
-8
31
3
-14
43
-7
2
34
-10
19
21
-4
10
0
1
-10
0
5
-15
-2
1
-19
8
-3
-9
2
-1
-7
2
-1
-8
2
-1
-8
2
-1
-8
2
-1
-8
2
-1
-8
2
-1
-8
2
-1
-8
2
-1
-8
2
-1
-8
15
-35
28
-7
-28
17
-4
-38
-1
-12
-9
-41
-19
-3
-44
-5
21
-8
7
22
-4
25
15
19
17
4
-4
18
-10
-9
30
-16
-5
33
-24
16
19
-25
24
14
-11
-3
3
-7
-21
5
-8
-24
4
-13
-7
-4
5
-4
2
0
-7
2
-1
-8
2
-1
-8
2
-1
-8
2
-1
-8
2
-1
-8
2
-1
-8
2
-1
-8
2
-1
-8
2
-1
-8
-1
-18
16
-1
-27
-2
-9
-41
-11
-1
-35
-27
-16
-17
-32
14
4
-9
25
-11
5
18
19
7
-1
-1
-13
-3
-2
-10
-30
4
-15
-6
-28
5
-20
-18
10
-14
-10
-23
-10
-6
-23
-11
-12
-36
-5
-1
-11
6
-2
-1
3
0
-7
2
-1
-8
2
-1
-8
2
-1
-8
2
-1
-8
2
-1
-8
2
-1
-8
2
-1
-8
2
-1
-8
2
-1
-8
-16
-1
4
-5
-22
0
-22
-25
-8
2
-22
-19
9
-29
-20
30
-20
-21
15
-4
-8
8
-15
-10
6
2
-15
-20
16
-11
-13
21
-22
-4
-5
2
-9
-13
1
-18
-21
-20
-17
-1
-22
-15
-11
-27
8
4
-3
3
5
3
3
0
-7
2
-1
-8
2
-1
-8
2
-1
-8
2
-1
-8
2
-1
-8
2
-1
-8
2
-1
-8
2
-1
-8
2
-1
-8
-20
7
-3
-10
-6
-15
-12
-8
-7
1
-39
-9
0
-38
1
-20
-18
-9
-9
-13
-5
-13
16
-23
-3
9
-38
21
1
-20
8
-2
-9
7
-6
31
7
-4
30
-13
15
-17
3
6
-29
-6
0
-28
2
-6
-12
6
4
2
3
0
-7
2
-1
-8
2
-1
-8
2
-1
-8
2
-1
-8
2
-1
-8
2
-1
-8
2
-1
-8
2
-1
-8
2
-1
-8
-6
14
-14
-6
10
-17
3
2
2
-26
-15
-4
-17
-2
-5
-16
-21
-14
-26
-6
-30
-13
-9
-22
-4
12
-17
-16
19
-21
16
7
-6
6
3
21
13
-14
15
18
-16
-19
1
-1
-27
3
-13
-11
6
8
2
10
9
1
2
0
-7
2
-1
-8
2
-1
-8
2
-1
-8
2
-1
-8
2
-1
-8
2
-1
-8
2
-1
-8
2
-1
-8
2
-1
-8
12
-3
-14
-5
11
-6
2
-1
-2
1
-2
11
4
-8
4
0
-5
-1
4
-13
-22
10
-1
-21
-7
2
-19
2
12
-15
15
10
-3
15
-7
31
0
-11
11
-3
0
-15
-10
-4
-34
-4
-4
-21
7
-3
-2
6
5
-3
2
0
-7
2
-1
-8
2
-1
-8
2
-1
-8
2
-1
-8
2
-1
-8
2
-1
-8
2
-1
-8
2
-1
-8
2
-1
-8
5
-2
-9
-3
15
-16
2
4
-8
18
-4
8
1
-14
-9
14
-24
0
3
-28
-8
4
-12
-12
13
11
-13
15
10
-20
17
-7
9
9
-11
19
-5
-12
-1
-1
-5
-26
-6
-14
-23
-4
-4
-14
3
2
-2
5
2
-6
2
-1
-8
2
-1
-8
2
-1
-8
2
-1
-8
2
-1
-8
2
-1
-8
2
-1
-8
2
-1
-8
2
-1
-8
2
-1
-8
2
-1
-8
14
-2
-16
4
2
2
7
-8
6
0
-1
-1
-2
-3
-5
-14
-15
-18
1
-15
-24
6
-21
-19
12
-10
-15
9
-1
12
4
-7
8
3
2
-7
-7
-14
-26
-10
-1
-21
-1
-12
-11
6
2
-4
4
1
-7
2
-1
-8
2
-1
-8
2
-1
-8
2
-1
-8
2
-1
-8
2
-1
-8
2
-1
-8
2
-1
-8
2
-1
-8
2
-1
-8
2
-1
-8
7
-3
-10
-2
7
-6
-4
-7
0
-8
4
-11
-13
-7
-16
-10
0
-8
-11
-4
-17
-11
9
-15
-10
1
-20
-2
-3
-4
-8
-5
3
-3
-9
-15
-7
-2
-11
2
-8
-11
3
0
-2
5
3
-6
2
-1
-8
2
-1
-8
2
-1
-8
2
-1
-8
2
-1
-8
2
-1
-8
2
-1
-8
2
-1
-8
2
-1
-8
2
-1
-8
2
-1
-8
2
-1
-8
2
-1
-8
6
-2
-9
-6
6
-3
-1
3
-16
-1
4
-7
-7
1
-14
-9
-3
-14
0
10
-10
-3
5
-10
-3
4
1
-10
11
-5
-5
1
-12
0
7
-10
-6
-8
-13
2
-2
-7
2
-1
-8
2
-1
-8
2
-1
-8
2
-1
-8
2
-1
-8
2
-1
-8
2
-1
-8
2
-1
-8
2
-1
-8
2
-1
-8
2
-1
-8
2
-1
-8
2
-1
-8
2
-1
-8
2
-1
-8
3
-1
-8
10
-3
-10
1
6
-4
5
2
-9
8
11
-9
6
7
-12
7
5
-9
3
11
-3
10
2
-10
7
6
-6
3
-3
-7
5
0
-4
5
3
-6
2
-1
-8
2
-1
-8
2
-1
-8
2
-1
-8
2
-1
-8
2
-1
-8
2
-1
-8
2
-1
-8
2
-1
-8
2
-1
-8
2
-1
-8
2
-1
-8
2
-1
-8
2
-1
-8
2
-1
-8
2
-1
-8
3
-1
-8
5
-2
-8
7
-2
-8
9
-2
-6
11
-1
-4
13
1
-3
12
2
-2
10
3
-2
7
3
-3
5
2
-5
3
1
-7
2
0
-7
2
-1
-8
2
-1
-8
2
-1
-8
2
-1
-8
2
-1
-8
2
-1
-8
2
-1
-8
2
-1
-8
2
-1
-8
2
-1
-8
2
-1
-8
2
-1
-8
2
-1
-8
2
-1
-8
2
-1
-8
2
-1
-8
2
-1
-8
2
-1
-8
2
-1
-8
2
-1
-8
2
-1
-8
2
-1
-8
2
-1
-8
2
-1
-8
2
-1
-8
2
-1
-8
2
-1
-8
2
-1
-8
2
-1
-8
2
-1
-8
2
-1
-8
2
-1
-8
2
-1
-8
2
-1
-8
2
-1
-8
2
-1
-8
2
-1
-8
2
-1
-8
2
-1
-8
2
-1
-8
2
-1
-8
2
-1
-8
2
-1
-8
2
-1
-8
2
-1
-8
2
-1
-8
2
-1
-8
2
-1
-8
2
-1
-8
2
-1
-8
2
-1
-8
2
-1
-8
2
-1
-8
2
-1
-8
2
-1
-8
2
-1
-8
2
-1
-8
2
-1
-8
2
-1
-8
2
-1
-8
2
-1
-8
2
-1
-8
