0
2
-1
-8
2
-1
-8
2
-1
-8
2
-1
-8
2
-1
-8
3
0
-5
13
1
6
10
8
9
24
1
-2
23
18
8
15
12
-8
2
-1
-8
2
-1
-8
2
-1
-8
2
-1
-8
2
-1
-8
2
-1
-8
2
-1
-8
2
-1
-8
6
1
7
2
10
2
6
14
5
5
7
3
14
16
-2
17
20
-8
2
-1
-8
2
-1
-8
2
-1
-8
2
-1
-8
2
-1
-8
2
-1
-8
2
-1
-8
3
0
2
18
5
4
7
2
3
7
2
7
15
12
13
10
6
7
4
2
-8
2
-1
-8
2
-1
-8
2
-1
-8
2
-1
-8
2
-1
-8
2
-1
-8
4
1
4
6
13
12
-5
12
11
-3
3
-2
9
23
4
13
12
-8
2
3
-8
2
-1
-8
2
-1
-8
2
-1
-8
2
-1
-8
2
-1
-8
2
-1
-8
2
-1
-8
16
1
-1
2
15
-15
17
8
4
2
10
4
15
1
2
2
1
-8
4
1
-8
4
-1
-8
2
-1
-8
2
-1
-8
2
-1
-8
2
-1
-8
2
-1
-8
2
-1
3
21
0
4
15
13
4
9
-6
-1
17
16
13
24
6
-9
28
7
-3
23
7
-6
16
-5
-2
5
5
-8
2
-1
-8
2
-1
-8
2
-1
-8
2
-1
-8
2
-1
21
2
10
6
16
-2
7
2
24
3
38
36
-1
20
6
26
29
21
22
20
6
9
1
-4
-1
8
8
-8
3
-1
-8
2
-1
-8
2
-1
-8
2
-1
-8
2
-1
-6
-21
9
-16
-7
-16
12
28
31
19
16
25
13
8
0
16
-6
22
-6
2
10
-5
8
19
3
10
11
-7
3
-1
-8
2
-1
-8
2
-1
-8
2
-1
-8
2
-1
-19
3
0
-7
-11
4
13
-2
17
-5
13
12
-6
9
15
8
22
15
-6
16
-4
0
3
20
9
21
17
-7
2
-1
-8
2
-1
-8
2
-1
-8
2
-1
-8
2
-1
0
11
3
-4
6
10
-6
10
8
3
9
0
6
20
4
14
13
19
-6
7
2
7
4
18
-5
15
9
-8
2
-1
-8
2
-1
-8
2
-1
-8
2
-1
-8
2
-1
2
11
3
-1
9
10
6
2
3
4
1
8
11
14
18
2
4
13
-9
4
-12
0
5
9
6
14
1
-8
2
-1
-8
2
-1
-8
2
-1
-8
2
-1
-8
2
-1
-5
3
1
-5
3
1
-7
11
2
1
15
-3
-4
16
4
-4
7
1
-8
12
-5
7
16
10
-8
2
3
-8
2
-1
-8
2
-1
-8
2
-1
-8
2
-1
-8
2
-1
-8
2
-1
-7
2
0
-3
4
2
-2
11
4
7
9
7
0
7
7
-1
5
4
3
5
2
-8
2
-1
-8
2
-1
-8
2
-1
-8
2
-1
-8
2
-1
-8
2
-1
-8
2
-1
-8
2
-1
-8
2
-1
-8
2
-1
-8
2
-1
-8
2
-1
-8
2
-1
-8
2
-1
-8
2
-1
-8
2
-1
-8
2
-1
