2
-1
-8
2
-1
-8
2
-1
-8
2
-1
-8
2
-1
-8
2
-1
-8
2
-1
-8
2
-1
-8
2
-1
-8
2
-1
-8
2
-1
-8
2
-1
-7
3
-3
-12
4
-1
-13
10
3
-4
0
12
-9
-1
-1
-14
24
-11
-1
0
-10
-2
-1
18
8
1
10
-14
15
-12
-8
2
-1
-8
2
-1
-8
2
-1
-8
2
-1
-8
2
-1
-8
2
-1
-8
2
-1
-8
2
-1
-8
2
-1
-8
2
-1
-8
2
-1
-8
2
-1
-8
2
-1
-8
2
-1
-8
2
-1
-8
2
-1
-8
2
-1
-7
3
-1
-13
0
5
-12
13
1
-5
6
7
5
-5
-3
4
-18
-3
13
5
-16
-4
-14
14
-20
23
3
8
-3
12
-5
11
-12
-8
2
-1
-8
2
-1
-8
2
-1
-8
2
-1
-8
2
-1
-8
2
-1
-8
2
-1
-8
2
-1
-8
2
-1
-8
2
-1
-8
2
-1
-8
2
-1
-8
2
-1
-8
2
-1
-8
2
-1
-8
2
-1
-7
3
-1
-5
5
-7
-6
-5
0
5
-4
10
4
-5
7
-24
-2
-23
5
-12
7
-13
-8
-10
-15
14
16
3
10
-3
-22
8
20
-2
3
-7
-8
2
-1
-8
2
-1
-8
2
-1
-8
2
-1
-8
2
-1
-8
2
-1
-8
2
-1
-8
2
-1
-8
2
-1
-8
2
-1
-8
2
-1
-8
2
-1
-8
2
-1
-8
2
-1
-8
2
-1
-8
2
-1
-5
5
-5
-11
6
-5
-3
0
10
-2
2
2
-15
-7
-7
-19
6
-19
-36
-4
2
-25
5
0
-7
8
5
-6
11
-2
-6
17
1
-7
0
0
-8
2
-1
-8
2
-1
-8
2
-1
-8
2
-1
-8
2
-1
-8
2
-1
-8
2
-1
-8
2
-1
-8
2
-1
-8
2
-1
-8
2
-1
-8
2
-1
-8
2
-1
-8
2
-1
-8
2
-1
-7
3
-2
-14
2
3
-13
18
1
-17
7
8
-9
-1
-6
-18
7
-7
-13
6
-20
-14
6
12
-9
14
-6
-10
10
-4
7
-1
-2
7
4
-6
-11
1
2
-8
2
-1
-8
2
-1
-8
2
-1
-8
2
-1
-8
2
-1
-8
2
-1
-8
2
-1
-8
2
-1
-8
2
-1
-8
2
-1
-8
2
-1
-8
2
-1
-8
2
-1
-8
2
-1
-7
3
-2
-13
-1
5
-9
8
6
0
10
2
3
-3
-6
-8
-1
-8
-3
-3
-8
3
-1
2
7
2
6
2
15
3
13
7
-2
-13
4
6
-11
2
2
-8
2
0
-8
2
-1
-8
2
-1
-8
2
-1
-8
2
-1
-8
2
-1
-8
2
-1
-8
2
-1
-8
2
-1
-8
2
-1
-8
2
-1
-8
2
-1
-8
2
-1
-8
2
-1
-8
2
-1
-6
6
-6
-8
-5
3
8
-8
14
6
-6
0
-14
-3
-19
11
-10
3
-2
2
16
-16
3
5
-4
8
12
4
5
-5
-14
1
3
-8
2
-1
-8
2
-1
-8
2
-1
-8
2
-1
-8
2
-1
-8
2
-1
-8
2
-1
-8
2
-1
-8
2
-1
-8
2
-1
-8
2
-1
-8
2
-1
-8
2
-1
-8
2
-1
-8
2
-1
-8
2
-1
-6
4
-3
-14
4
0
-2
-1
14
-10
-11
7
-16
-7
-12
-17
-3
-22
-12
-14
3
-10
-6
23
-8
9
1
-9
13
1
-11
1
2
-8
2
-1
-8
2
-1
-8
2
-1
-8
2
-1
-8
2
-1
-8
2
-1
-8
2
-1
-8
2
-1
-8
2
-1
-8
2
-1
-8
2
-1
-8
2
-1
-8
2
-1
-8
2
-1
-8
2
-1
-8
2
-1
-8
2
-1
-5
8
-8
-9
2
-2
-3
-7
17
-12
-20
-4
-30
10
-35
-14
-21
-15
-30
2
9
-8
7
-4
-7
10
-5
2
2
-5
-9
2
0
-8
2
-1
-8
2
-1
-8
2
-1
-8
2
-1
-8
2
-1
-8
2
-1
-8
2
-1
-8
2
-1
-8
2
-1
-8
2
-1
-8
2
-1
-8
2
-1
-8
2
-1
-8
2
-1
-8
2
-1
-8
2
-1
-8
2
-1
-7
15
-14
-1
1
4
-7
-7
13
-17
3
3
-35
17
-50
-8
-11
1
4
-9
10
-16
15
1
5
2
-6
-10
2
0
-7
1
0
-8
2
1
-9
4
-1
-9
4
-2
-8
3
-1
-8
2
-1
-8
2
-1
-8
2
-1
-8
2
-1
-8
2
-1
-8
2
-1
-8
2
-1
-8
2
-1
-8
2
-1
-8
2
-1
-8
2
-1
-8
2
-1
-7
3
-2
-15
17
-6
-10
15
14
-6
1
0
-10
9
-6
-9
3
-16
-25
3
16
-5
14
6
-6
23
-15
-9
2
-5
-3
3
-7
-7
3
-1
-12
7
4
-18
14
0
-19
16
-5
-15
10
-5
-10
5
-3
-8
2
-1
-8
2
-1
-8
2
-1
-8
2
-1
-8
2
-1
-8
2
-1
-8
2
-1
-8
2
-1
-8
2
-1
-8
2
-1
-8
2
-1
-13
-1
6
-5
21
1
-7
12
6
5
3
-8
-8
6
-10
5
8
-8
2
-4
6
-21
17
-2
10
8
-10
-18
19
-4
-18
28
-10
-9
20
8
-13
20
13
-9
23
4
-11
16
-9
-6
5
-8
-2
-5
5
-8
2
-1
-8
2
-1
-8
2
-1
-8
2
-1
-8
2
-1
-8
2
-1
-8
2
-1
-8
2
-1
-8
2
-1
-8
2
-1
-8
2
-1
-10
-7
10
13
2
11
4
-7
2
-11
15
-24
11
-3
11
10
-5
12
4
5
28
-13
38
-10
-16
9
7
-17
21
-2
-15
28
8
-3
29
14
7
20
7
22
6
-1
13
-6
-4
-1
1
-6
-2
-4
8
-12
8
-5
-8
2
-1
-8
2
-1
-8
2
-1
-8
2
-1
-8
2
-1
-8
2
-1
-8
2
-1
-8
2
-1
-8
2
-1
-8
2
-1
-3
-19
17
2
-13
5
-15
-22
-7
-4
14
-38
8
-8
16
-21
2
12
0
13
36
1
28
-13
-1
14
-2
4
12
-7
29
1
3
21
-11
28
14
2
7
3
-8
0
1
-1
-7
2
-11
-5
-1
-10
7
-3
-3
4
-8
3
-1
-8
2
-1
-8
2
-1
-8
2
-1
-8
2
-1
-8
2
-1
-8
2
-1
-8
2
-1
-8
2
-1
-8
2
-1
-10
-26
19
-16
-23
-8
-25
-18
-18
-23
-6
-34
-17
-2
35
-2
28
-3
12
17
33
15
0
7
-6
5
-6
14
-3
0
18
-16
18
-1
-8
24
-11
-2
7
-19
-12
-1
-24
-7
-8
-5
-27
19
-25
9
11
-10
10
-7
-8
3
-2
-8
2
-1
-8
2
-1
-8
2
-1
-8
2
-1
-8
2
-1
-8
2
-1
-8
2
-1
-8
2
-1
-8
2
-1
-10
-22
0
-19
-28
-18
-26
-29
-14
-26
-15
-24
-10
6
7
8
-1
11
16
11
21
8
-13
2
-2
8
-14
-16
-8
-2
-30
-7
-2
-22
-15
7
-19
-9
-14
-27
2
-14
-36
8
-36
-12
-14
14
3
0
5
-15
5
-4
-7
3
-2
-8
2
-1
-8
2
-1
-8
2
-1
-8
2
-1
-8
2
-1
-8
2
-1
-8
2
-1
-8
2
-1
-8
2
-1
-18
-11
-3
-30
-16
-11
-27
-11
-11
-7
-27
-10
-5
-2
-10
16
-13
6
1
-15
1
-5
-19
12
-13
4
-4
-22
9
-2
-19
14
-11
-22
0
-1
-11
-25
-11
-17
2
-19
-15
3
-40
0
-5
20
-3
3
13
-20
21
-8
-7
2
-1
-8
2
-1
-8
2
-1
-8
2
-1
-8
2
-1
-8
2
-1
-8
2
-1
-8
2
-1
-8
2
-1
-8
2
-1
-26
3
-10
-17
-1
-10
-16
-20
-10
-18
-25
4
-22
-2
-19
-18
-9
3
-18
7
-5
-40
12
-9
1
-1
2
-2
-9
8
-11
23
12
-1
10
18
-26
4
2
-15
16
-27
-7
-4
-19
-7
-11
7
0
-2
17
9
7
-17
-8
2
-1
-8
2
-1
-8
2
-1
-8
2
-1
-8
2
-1
-8
2
-1
-8
2
-1
-8
2
-1
-8
2
-1
-8
2
-1
-10
9
-7
-5
11
-3
-24
-14
-5
-24
2
-2
-7
-12
-26
-42
-5
-25
-14
-18
-3
-2
9
-6
-17
13
-7
-3
20
1
14
13
5
-6
-4
19
-5
-10
-5
-13
7
-25
2
-18
-1
-3
4
18
-5
15
9
-13
4
-1
-8
2
-1
-8
2
-1
-8
2
-1
-8
2
-1
-8
2
-1
-8
2
-1
-8
2
-1
-8
2
-1
-8
2
-1
-8
2
-1
0
6
3
-14
9
-2
-8
6
7
-6
-3
7
-18
-8
9
-17
10
-25
3
-5
-8
-1
-12
1
-5
8
0
6
7
4
9
6
20
0
-8
13
-13
6
-9
-17
4
-33
-15
-14
-3
7
-12
17
-11
10
4
-7
3
-3
-8
2
-1
-8
2
-1
-8
2
-1
-8
2
-1
-8
2
-1
-8
2
-1
-8
2
-1
-8
2
-1
-8
2
-1
-8
2
-1
-6
3
0
-8
11
-6
-1
9
7
-7
-13
0
-7
-3
-4
7
-25
-13
-17
-15
5
4
1
8
-3
14
-12
-9
8
18
-1
-5
18
-1
-16
5
-7
-7
-18
-9
-15
-18
-23
-4
7
-7
2
9
-6
14
-4
-6
0
-1
-8
2
-1
-8
2
-1
-8
2
-1
-8
2
-1
-8
2
-1
-8
2
-1
-8
2
-1
-8
2
-1
-8
2
-1
-8
2
-1
-8
2
-1
2
8
3
-7
2
5
-4
-5
10
-7
2
-7
-29
-11
-9
-19
-2
-15
-17
-23
3
-8
0
-8
14
1
8
-13
3
11
-14
0
5
-30
-7
-17
-28
4
-12
0
-12
-6
-12
5
7
6
1
-6
-10
2
1
-8
2
-1
-8
2
-1
-8
2
-1
-8
2
-1
-8
2
-1
-8
2
-1
-8
2
-1
-8
2
-1
-8
2
-1
-8
2
-1
-8
2
-1
-5
3
1
-8
2
-2
-14
3
0
-24
-1
-13
-16
-4
2
-5
-7
-14
-27
15
-3
-16
6
-16
-17
0
3
-4
2
0
-20
0
-9
-19
3
-6
-9
-3
-5
-12
-1
10
-10
16
-3
-14
1
3
-8
2
-1
-8
2
-1
-8
2
-1
-8
2
-1
-8
2
-1
-8
2
-1
-8
2
-1
-8
2
-1
-8
2
-1
-8
2
-1
-8
2
-1
-8
2
-1
-8
2
-1
-5
3
1
-12
0
-3
-7
11
-5
-15
1
-5
-20
-4
-3
1
11
-6
-4
4
-4
-14
16
4
-11
7
1
-14
6
-8
-8
12
-6
-15
-2
-9
-14
6
0
7
1
-9
-8
2
-1
-8
2
-1
-8
2
-1
-8
2
-1
-8
2
-1
-8
2
-1
-8
2
-1
-8
2
-1
-8
2
-1
-8
2
-1
-8
2
-1
-8
2
-1
-8
2
-1
-8
2
-1
-8
2
-1
-7
2
0
-3
4
2
-6
2
1
-3
11
1
-6
7
-2
-8
4
4
7
9
-2
-3
5
-1
0
7
-1
-4
-2
-1
-1
1
1
3
5
-4
-12
1
2
-8
2
-1
-8
2
-1
-8
2
-1
-8
2
-1
-8
2
-1
-8
2
-1
-8
2
-1
-8
2
-1
-8
2
-1
-8
2
-1
-8
2
-1
-8
2
-1
-8
2
-1
-8
2
-1
-8
2
-1
-8
2
-1
-7
2
0
-6
3
1
-4
3
2
-2
4
4
-1
5
6
-2
6
7
-4
5
7
-5
5
6
-7
5
4
-9
3
2
-9
2
1
-8
2
0
-8
2
-1
-8
2
-1
-8
2
-1
-8
2
-1
-8
2
-1
-8
2
-1
-8
2
-1
-8
2
-1
-8
2
-1
-8
2
-1
-8
2
-1
-8
2
-1
-8
2
-1
-8
2
-1
-8
2
-1
-8
2
-1
-8
2
-1
-8
2
-1
-8
2
-1
-8
2
-1
-8
2
-1
-8
2
-1
-8
2
-1
-8
2
-1
-8
2
-1
-8
2
-1
-8
2
-1
-8
2
-1
-8
2
-1
-8
2
-1
-8
2
-1
-8
2
-1
-8
2
-1
-8
2
-1
-8
2
-1
-8
2
-1
-8
2
-1
-8
2
-1
-8
2
-1
-8
2
-1
-8
2
-1
-8
2
-1
-8
2
-1
-8
2
-1
-8
2
-1
-8
2
-1
-8
2
-1
-8
2
-1
-8
2
-1
-8
2
-1
-8
2
-1
-8
2
-1
-8
2
-1
-8
2
-1
-8
2
-1
-8
2
-1
-8
2
-1
-8
2
-1
-8
2
-1
-8
2
-1
-8
2
-1
-8
2
-1
0
