0
0
0
0
0
0
0
0
0
0
0
0
0
0
0
0
0
0
0
0
0
0
0
0
0
0
0
0
0
0
0
0
0
0
0
0
0
0
0
0
0
0
0
0
0
0
0
0
0
0
0
0
0
0
0
0
0
0
0
0
0
0
0
0
0
0
0
0
0
0
0
0
0
0
0
0
0
0
0
0
0
0
63
-110
124
32
0
0
0
0
0
0
0
0
0
0
0
0
0
0
0
0
0
0
0
0
0
0
0
0
0
0
0
86
-66
-3
-48
70
0
0
0
0
0
0
0
0
0
0
0
0
0
0
0
0
0
0
0
0
0
0
0
0
0
0
30
-55
-16
-39
-99
55
0
0
0
0
0
0
0
0
0
0
0
0
0
0
0
0
0
0
0
0
0
0
0
0
0
13
-118
-1
-81
95
49
10
0
0
0
0
0
0
0
0
0
0
0
0
0
0
0
0
0
0
0
0
0
0
0
0
11
87
-3
-24
79
0
0
0
0
0
0
0
0
0
0
0
0
0
0
0
0
0
0
0
0
0
0
0
0
0
0
3
64
-24
-3
70
2
0
0
0
0
0
0
0
0
0
0
0
0
0
0
0
0
0
0
0
0
0
0
0
0
0
0
28
-116
-1
-70
25
0
0
0
0
0
0
0
0
0
0
0
0
0
0
0
0
0
0
0
0
0
0
0
0
0
0
27
-124
-12
-35
40
2
0
0
0
0
0
0
0
0
0
0
0
0
0
0
0
0
0
0
0
0
0
0
0
0
0
0
70
-49
-29
82
0
0
0
0
0
0
0
0
0
0
0
0
0
0
0
0
0
0
0
0
0
0
0
0
0
0
0
44
-96
-14
-84
6
0
0
0
0
0
0
0
0
0
0
0
0
0
0
0
0
0
0
0
0
0
0
0
0
0
0
0
94
-27
-15
116
0
0
0
0
0
0
0
0
0
0
0
0
0
0
0
0
0
0
0
0
0
0
0
0
0
0
0
0
123
-10
-65
51
0
0
0
2
17
18
5
0
0
0
0
0
0
0
0
0
0
0
0
0
0
0
0
0
0
0
0
17
-78
-14
110
0
0
4
26
65
112
118
75
29
0
0
0
0
0
0
0
0
0
0
0
0
0
0
0
0
0
0
0
-126
-13
-41
88
0
5
55
-57
-7
-3
-1
-11
-94
2
0
0
0
0
0
0
0
0
0
0
0
0
0
0
0
0
0
0
-118
-8
-41
86
0
88
-34
-1
-15
-102
-126
-49
-26
55
2
0
0
0
0
0
0
0
0
0
0
0
0
0
0
0
0
0
-118
-8
-45
102
85
-21
-1
-58
87
19
57
-72
-5
-101
6
0
0
0
0
0
0
0
0
0
0
0
0
0
0
0
0
0
-112
-5
-49
-112
-47
-5
-85
57
10
0
48
-75
-11
119
4
0
0
0
0
0
0
0
0
0
0
0
0
0
0
0
0
0
98
-34
-19
-36
-6
-72
49
0
0
0
49
-73
-23
41
1
0
0
0
0
0
0
0
0
0
0
0
0
0
0
0
0
0
30
-91
-1
-1
-17
121
0
0
0
0
57
-56
-24
26
1
0
0
0
0
0
0
0
0
0
0
0
0
0
0
0
0
0
0
105
-26
-1
-15
-110
48
64
82
77
-122
-32
-63
36
2
0
0
0
0
0
0
0
0
0
0
0
0
0
0
0
0
0
0
52
-90
-13
-1
-7
-59
-24
-1
-1
-1
-41
79
0
0
0
0
0
0
0
0
0
0
0
0
0
0
0
0
0
0
0
0
0
37
-111
-12
-5
-1
-1
-2
-1
-10
-105
0
0
0
0
0
0
0
0
0
0
0
0
0
0
0
0
0
0
0
0
0
0
1
12
68
-78
-1
-1
-1
-5
-77
64
0
0
0
0
0
0
0
0
0
0
0
0
0
0
0
0
0
0
0
0
0
0
0
0
6
23
35
36
36
34
23
7
0
0
0
0
0
0
0
0
0
0
0
0
0
0
0
0
0
0
0
0
0
0
0
0
0
0
0
0
0
0
0
0
0
0
0
0
0
0
0
0
0
0
0
0
0
0
0
0
0
0
0
0
0
0
0
0
0
0
0
0
0
0
0
0
0
0
0
0
0
0
0
0
0
0
0
0
0
0
0
0
0
0
0
0
0
0
0
0
0
0
0
0
0
0
0
0
0
0
0
0
0
0
0
0
0
0
0
0
0
0
0
0
0
0
0
0
0
0
0
0
0
0
0
0
0
0
0
0
0
0
0
0
0
0
0
0
0
0
0
0
0
0
0
0
0
0
0
0
0
0
0
0
0
0
0
0
0
0
0
0
0
0
0
0
0
0
0
0
0
0
0
0
0
0
0
0
0
0
0
0
0
0
0
0
0
0
0
0
0
0
0
0
0
0
0
0
0
0
0
0
0
0
